24.00
22.90
27.10
16.50
18.90
15.00
18.90
21.70
30.80
34.90
19.70
20.50
25.00
23.40
18.90
35.40
24.70
31.60
23.30
19.60
18.70
16.00
22.20
25.00
33.00
23.50
19.40
22.00
17.40
20.90
28.00
23.90
24.80
22.90
22.90
25.00
20.60
32.00
29.80
34.90
37.00
30.50
36.40
31.10
29.10
50.00
33.30
30.30
34.60
34.90
32.90
24.10
42.30
48.50
50.00
23.70
23.30
22.00
20.10
22.20
23.70
17.60
18.50
24.30
20.50
24.50
26.20
24.40
24.80
29.60
42.80
21.90
20.90
44.00
50.00
36.00
30.10
33.80
43.10
48.80
31.00
36.50
22.80
30.70
50.00
43.50
20.70
21.10
25.20
24.40
35.20
32.40
32.00
33.20
33.10
29.10
35.10
45.40
35.40
46.00
50.00
32.20
22.00
20.10
23.20
22.30
24.80
28.50
37.30
27.90
22.50
29.00
24.80
22.00
26.40
33.10
36.10
28.40
33.40
28.20
17.10
19.40
32.70
16.50
23.90
31.20
17.50
17.20
23.10
24.50
26.60
22.90
24.10
18.60
30.10
18.20
20.60