34.99
41.14
41.81
42.08
26.82
25.21
38.86
36.59
32.71
38.46
26.02
28.03
31.37
33.91
32.44
34.05
28.29
41.01
49.3
29.23
29.77
36.19
18.52
17.19
36.72
33.38
42.08
39.4
41.27
41.14
45.82
43.95
52.65
35.52
34.45
43.54
33.11
18.26
34.99
33.78
35.66
33.51
33.51
27.62
30.97
31.77
37.39
43.01
58.53
52.65
45.69
32.04
36.46
38.59
45.42
19.19
31.5
29.63
26.42
29.5
32.71
39.93
28.29
30.43
37.39
35.39
37.66
40.34
46.36
31.9
44.08
28.16
29.77
41.27
27.89
28.7
32.57
34.18
30.83
30.43
26.42
26.28
36.19
36.32
33.78
30.97
27.09
38.46
37.92
38.19
35.52
32.84
44.48
41.54
41.81
41.01
39.13
44.08
49.97
50.23
50.5
49.17
48.77
